days	temp	pHcalc_insitu
30	26,283	8,1097
62	25,659	8,1092
99	24,61	8,1168
148	23,479	8,1316
177	24,278	8,1218
229	23,87	8,1158
266	25,755	8,1018
301	25,358	8,0991
327	26,202	8,093
356	26,33	8,099
382	26,136	8,0858
422	25,142	8,1101
461	23,982	8,1332
502	23,874	8,1229
534	23,237	8,134
559	23,435	8,1229
585	23,835	8,1167
620	24,667	8,1232
662	25,601	8,1084
713	26,399	8,085
779		
808	23,923	8,1212
855	23,302	8,1256
887	23,087	8,1263
921	23,433	8,1231
949	23,985	8,1144
977	24,605	8,1139
1012	25,496	8,112
1043	25,957	8,0992
1082	26,341	8,0943
1115	26,705	8,0981
1162	25,7	8,104
1191	24,214	8,1177
1232	23,014	8,1256
1252	23,834	8,119
1294	23,649	8,1099
1347	25,698	8,1152
1373	25,429	8,0977
1404	26,054	8,0956
1453	26,312	8,0933
1480	26,554	8,087
1515	25,694	8,1052
1537	24,845	8,1161
1572	23,123	8,1349
1600	23,666	8,1325
1657	23,492	8,1074
1693	23,877	8,1105
1759		
1810	26,456	8,0802
1855	25,688	8,094
1937	22,747	8,1508
1965	22,766	8,1357
1985	23,525	8,1204
2087	24,85	8,1021
2123	25,551	8,0858
2159	26,318	8,0883
2183	26,441	8,0875
2205	26,164	8,088
2240	25,2	8,1048
2319	23,367	8,1099
2345	23,086	8,1171
2378	23,826	8,1038
2409	23,294	8,1149
2493	25,648	8,0937
2523	25,944	8,0933
2551	26,821	8,0886
2582	26,054	8,0997
2603	25,659	8,1135
2664	24,764	8,1074
2734	23,186	8,1122
2762	24,153	8,1066
2790	25,172	8,0946
2825	26,327	8,0902
2856	26,293	8,0889
2881	26,953	8,0829
2923	27,277	8,0836
2951	26,516	8,0924
2993	24,235	8,1014
3021	23,48	8,1102
3062	23,894	8,0856
3084	23,117	8,1138
3112	23,432	8,1155
3140	24,695	8,101
3168	25,249	8,1058
3203	25,525	8,0895
3227	25,874	8,089
3281	26,8	8,0805
3352	24,451	8,1083
3389	23,509	8,1097
3428	22,859	8,1135
3455	24,462	8,1044
3483	23,302	8,1078
3511	23,044	8,105
3546	24,18	8,0937
3574	24,288	8,0805
3600	25,293	8,0818
3649	25,495	8,076
3670	25,687	8,0818
3693	25,222	8,0825
3721	23,742	8,0948
3756	23,462	8,0895
3792	23,108	8,0997
3819	23,337	8,135
3847	22,615	8,123
3873	23,666	8,1
3938	25,066	8,0938
3968	25,406	8,0759
4031	25,745	8,0711
4056	25,364	8,0824
4092	24,126	8,0818
4142	22,971	8,0966
4169	23,463	8,0946
4197	23,447	8,0942
4225	23,846	8,0941
4254	24,783	8,0677
4281	25,408	8,0831
4316	25,851	8,0872
4344	25,928	8,0827
4400	25,739	8,0678
4443	24,906	8,095
4463	24,749	8,0922
4491	24,403	8,0929
4519	23,354	8,0881
4554	23,693	8,0894
4582	23,565	8,0938
4610	23,788	8,0948
4639	24,926	8,0984
4666	25,967	8,0857
4694	25,73	8,0757
4749	26,165	8,068
4770	25,464	8,0885
4795	25,215	8,0814
4822	24,397	8,0925
4855	23,693	8,0959
4891	22,994	8,108
4911	22,867	8,1085
4980	24,71	8,0811
5019	25,667	8,071
5079	26,328	8,0706
5119	26,392	8,0862
5147	25,977	8,0876
5168	25,341	8,0876
5192	24,455	8,0937
5221	23,687	8,1025
5261	23,348	8,104
5292	23,574	8,1016
5318	24,679	8,0963
5345	25,097	8,0905
5375	25,832	8,0824
5405	26,078	8,0777
5437	26,25	8,0829
5492	26,775	8,0873
5518	26,469	8,0884
5558	24,139	8,1134
5591	24,108	8,0967
5625	24,506	8,1096
5649	23,036	8,1244
5681	23,982	8,0988
5709	25,47	8,0878
5737	25,739	8,0852
5764	26,486	8,0701
5798	26,893	8,071
5842	27,4	8,0705
5874	26,059	8,0836
5902	26,345	8,0898
5925	25,245	8,0992
5968	24,052	8,0963
5999	23,973	8,1065
6073	25,164	8,0899
6101	25,127	8,0809
6133	25,888	8,0664
6161	26,281	8,0751
6188	26,751	8,0601
6217	26,25	8,0777
6251	25,272	8,0843
6282	24,947	8,0888
6325	23,55	8,1135
6346	23,149	8,0953
6369	23,233	8,1084
6392	23,534	8,104
6447	23,516	8,0901
6465	25,803	8,0646
6494	25,311	8,0804
6521	26,327	8,0723
6559	26,488	8,077
6594	26,198	8,0679
6613	25,955	8,0772
6644	24,903	8,0908
6703	23,776	8,1047
6745	23,429	8,0973
6790	24,63	8,0808
6826	25,506	
6854	25,655	8,0631
6881	26,406	8,066
6911	26,54	8,0616
6941	26,09	8,0639
7001	25,082	8,0678
7020	24,501	8,0856
7060	23,085	8,0957
7085	23,516	8,0957
7179	25,138	8,0694
7208	25,518	8,0735
7239	25,864	8,0635
7260	26,009	8,0729
7315	26,275	8,0799
7366	24,922	8,0816
7380		
7417	23,401	8,0996
7445	22,907	8,1084
7515	22,883	8,0898
7544	24,445	8,0693
7581	25,49	8,0676
7602	25,774	8,0584
7627	26,122	8,0614
7664	26,494	8,0541
7704	26,168	8,0667
7740	24,417	8,0801
7807		
7830	23,403	8,0969
7858	23,35	8,0968
7900	24,282	8,0839
7921	24,615	8,0688
7951	25,749	8,0703
7981	25,455	8,0785
8008	25,632	8,0691
8038	26,033	8,0651
8086	25,071	8,0715
8135		
8155	23,7	8,0891
8186	24,313	8,0918
8228	23,985	8,0885
8256	24,235	8,0797
8327	25,302	8,0696
8368	25,873	8,0717
8396	26,158	8,0645
8435	25,823	8,0674
8459	24,672	8,0802
8480	23,985	8,0811
8510	23,62	8,0876
8576	23,093	8,0905
8614	23,478	8,0789
8643	24,248	8,0725
8670	24,367	8,0664
8705	25,041	8,0563
8722	25,305	8,0499
8750	25,527	8,0477
8773	25,611	8,0587
8830	24,823	8,0697
8901	23,137	8,0821
8923	22,729	8,084
8953	22,715	8,0822
8995	24,946	8,0571
9034	25,198	8,0581
9112	26,944	8,0499
9132	26,459	8,0633
9158	26,495	8,0563
9188	25,565	8,0733
9212	24,988	8,0824
9238	24,157	8,0817
9268	23,383	8,0888
9287	24,111	8,0806
9323	23,37	8,0857
9374	24,93	8,0751
9404	25,676	8,06
9480	27,345	8,0417
9509	27,572	8,0516
9548	26,205	8,0709
9573	24,636	8,0744
9643	24,001	8,0781
9675	23,588	8,0776
9699	24,261	8,0822
9731	24,515	8,0764
9758	25,476	8,058
9788	26,705	8,0424
9812	27,094	8,0536
9856		
9874	26,101	8,0639
9905	25,864	8,067
9930	25,754	8,0711
9965	24,974	8,0818
9993	24,566	8,0814
10021	24,349	8,0832
10058	24,409	8,0779
10102	25,839	8,0642
10146	25,852	8,0581
10175	26,196	8,0572
10242	26,237	8,0551
10284	24,968	8,0676
10342	23,607	8,0702
10372	23,624	8,0742
10406	24,32	8,0775
10434	25,023	8,0652
10462	25,279	8,0634
10490	26,213	8,0511
10539	27,089	8,0494
10598	26,838	8,0517
10631	26,105	8,0622
10665	24,048	8,0811
10701	24,237	
10740	23,07	8,0803
10791	23,497	8,0816
10819	24,242	8,0758
10861	25,916	8,0541
10889	25,836	8,0548
10937	27,18	8,0403
10969	26,57	8,0576
11004	25,578	8,0608
11028	24,605	